function colmap = colormap_spectral

colmap = [      0.27059          0.2      0.70196
      0.27344      0.20463      0.71087
      0.27629      0.20927      0.71979
      0.27914       0.2139       0.7287
        0.282      0.21854      0.73761
      0.28485      0.22317      0.74652
       0.2877      0.22781      0.75544
      0.29055      0.23244      0.76435
       0.2934      0.23708      0.77326
      0.29626      0.24171      0.78217
      0.29911      0.24635      0.79109
      0.30196      0.25098          0.8
      0.30196      0.27865      0.80719
      0.30196      0.30632      0.81438
      0.30196      0.33399      0.82157
      0.30196      0.36166      0.82876
      0.30196      0.38932      0.83595
      0.30196      0.41699      0.84314
      0.30196      0.44466      0.85033
      0.30196      0.47233      0.85752
      0.30196          0.5      0.86471
      0.30196      0.52767       0.8719
      0.30196      0.55534      0.87908
      0.30196      0.58301      0.88627
      0.30196      0.61068      0.89346
      0.30196      0.63834      0.90065
      0.30196      0.66601      0.90784
      0.30196      0.69368      0.91503
      0.30196      0.72135      0.92222
      0.30196      0.74902      0.92941
       0.3387      0.76223       0.8805
      0.37544      0.77544      0.83158
      0.41218      0.78865      0.78266
      0.44892      0.80186      0.73375
      0.48566      0.81507      0.68483
      0.52239      0.82828      0.63591
      0.55913      0.84149        0.587
      0.59587       0.8547      0.53808
      0.63261      0.86791      0.48916
      0.66935      0.88111      0.44025
      0.70609      0.89432      0.39133
      0.74283      0.90753      0.34241
      0.77957      0.92074       0.2935
      0.81631      0.93395      0.24458
      0.85304      0.94716      0.19567
      0.88978      0.96037      0.14675
      0.92652      0.97358     0.097833
      0.96326      0.98679     0.048916
            1            1            0
            1      0.95833            0
            1      0.91667            0
            1        0.875            0
            1      0.83333            0
            1      0.79167            0
            1         0.75            0
            1      0.70833            0
            1      0.66667            0
            1        0.625            0
            1      0.58333            0
            1      0.54167            0
            1          0.5            0
            1      0.45833            0
            1      0.41667            0
            1        0.375            0
            1      0.33333            0
            1      0.29167            0
            1         0.25            0
            1      0.20833            0
            1      0.16667            0
            1        0.125            0
            1     0.083333            0
            1     0.041667            0
            1            0            0
      0.92857            0            0
      0.85714            0            0
      0.78571            0            0
      0.71429            0            0
      0.64286            0            0
      0.57143            0            0
          0.5            0            0];